u,v,w
0,1,4.8988
1,0,4.8988
0,15,2.8327
15,0,2.8327
1,2,1.1570
2,1,1.1570
1,16,2.1101
16,1,2.1101
2,3,2.7474
3,2,2.7474
2,17,3.2575
17,2,3.2575
3,4,3.7320
4,3,3.7320
3,18,2.0697
18,3,2.0697
4,5,4.2733
5,4,4.2733
4,19,3.1849
19,4,3.1849
5,6,3.0631
6,5,3.0631
5,20,1.4469
20,5,1.4469
6,7,3.8587
7,6,3.8587
6,21,4.6953
21,6,4.6953
7,8,4.0580
8,7,4.0580
7,22,4.5612
22,7,4.5612
8,9,4.8640
9,8,4.8640
8,23,4.1732
23,8,4.1732
9,10,1.2144
10,9,1.2144
9,24,1.7185
24,9,1.7185
10,11,3.1020
11,10,3.1020
10,25,4.2089
25,10,4.2089
11,12,1.2508
12,11,1.2508
11,26,2.2919
26,11,2.2919
12,13,3.3994
13,12,3.3994
12,27,3.4470
27,12,3.4470
13,14,3.9930
14,13,3.9930
13,28,4.2473
28,13,4.2473
14,29,4.0587
29,14,4.0587
15,16,1.6149
16,15,1.6149
15,30,4.5498
30,15,4.5498
16,17,1.4289
17,16,1.4289
16,31,4.3678
31,16,4.3678
17,18,3.4994
18,17,3.4994
17,32,2.2966
32,17,2.2966
18,19,3.0643
19,18,3.0643
18,33,1.3765
33,18,1.3765
19,20,2.6493
20,19,2.6493
19,34,3.1526
34,19,3.1526
20,21,3.7924
21,20,3.7924
20,35,3.0241
35,20,3.0241
21,22,3.7983
22,21,3.7983
21,36,3.3937
36,21,3.3937
22,23,3.3301
23,22,3.3301
22,37,2.0260
37,22,2.0260
23,24,3.3686
24,23,3.3686
23,38,1.8150
38,23,1.8150
24,25,2.3038
25,24,2.3038
24,39,2.3493
39,24,2.3493
25,26,3.2882
26,25,3.2882
25,40,3.0801
40,25,3.0801
26,27,3.4806
27,26,3.4806
26,41,1.7945
41,26,1.7945
27,28,1.8353
28,27,1.8353
27,42,3.7293
42,27,3.7293
28,29,4.1693
29,28,4.1693
28,43,4.4150
43,28,4.4150
29,44,2.7376
44,29,2.7376
30,31,4.2690
31,30,4.2690
30,45,4.2776
45,30,4.2776
31,32,1.9714
32,31,1.9714
31,46,3.4397
46,31,3.4397
32,33,4.6293
33,32,4.6293
32,47,4.2364
47,32,4.2364
33,34,1.2930
34,33,1.2930
33,48,4.1524
48,33,4.1524
34,35,4.1348
35,34,4.1348
34,49,4.5136
49,34,4.5136
35,36,3.3315
36,35,3.3315
35,50,3.7205
50,35,3.7205
36,37,1.6339
37,36,1.6339
36,51,2.4451
51,36,2.4451
37,38,4.0269
38,37,4.0269
37,52,2.0979
52,37,2.0979
38,39,1.3604
39,38,1.3604
38,53,3.2693
53,38,3.2693
39,40,2.0434
40,39,2.0434
39,54,3.7339
54,39,3.7339
40,41,2.6770
41,40,2.6770
40,55,2.5682
55,40,2.5682
41,42,3.3618
42,41,3.3618
41,56,1.6482
56,41,1.6482
42,43,1.6003
43,42,1.6003
42,57,1.5102
57,42,1.5102
43,44,3.5473
44,43,3.5473
43,58,4.6536
58,43,4.6536
44,59,3.9220
59,44,3.9220
45,46,3.9956
46,45,3.9956
45,60,2.3988
60,45,2.3988
46,47,4.7972
47,46,4.7972
46,61,3.2903
61,46,3.2903
47,48,4.2072
48,47,4.2072
47,62,3.8268
62,47,3.8268
48,49,4.6161
49,48,4.6161
48,63,4.0262
63,48,4.0262
49,50,3.1918
50,49,3.1918
49,64,4.0669
64,49,4.0669
50,51,2.9651
51,50,2.9651
50,65,4.2000
65,50,4.2000
51,52,3.1076
52,51,3.1076
51,66,2.4869
66,51,2.4869
52,53,2.1161
53,52,2.1161
52,67,3.7372
67,52,3.7372
53,54,2.6887
54,53,2.6887
53,68,3.5122
68,53,3.5122
54,55,3.8326
55,54,3.8326
54,69,4.8356
69,54,4.8356
55,56,3.7529
56,55,3.7529
55,70,2.7008
70,55,2.7008
56,57,4.0121
57,56,4.0121
56,71,1.3324
71,56,1.3324
57,58,3.3378
58,57,3.3378
57,72,1.9845
72,57,1.9845
58,59,1.3311
59,58,1.3311
58,73,4.5956
73,58,4.5956
59,74,2.8740
74,59,2.8740
60,61,1.0628
61,60,1.0628
60,75,4.0551
75,60,4.0551
61,62,1.6869
62,61,1.6869
61,76,1.4315
76,61,1.4315
62,63,3.6227
63,62,3.6227
62,77,4.9859
77,62,4.9859
63,64,2.7308
64,63,2.7308
63,78,4.3444
78,63,4.3444
64,65,2.4305
65,64,2.4305
64,79,2.9870
79,64,2.9870
65,66,4.0957
66,65,4.0957
65,80,4.0341
80,65,4.0341
66,67,4.8196
67,66,4.8196
66,81,4.3184
81,66,4.3184
67,68,1.0595
68,67,1.0595
67,82,2.2422
82,67,2.2422
68,69,4.3103
69,68,4.3103
68,83,4.7265
83,68,4.7265
69,70,1.9089
70,69,1.9089
69,84,4.8880
84,69,4.8880
70,71,2.4598
71,70,2.4598
70,85,2.0574
85,70,2.0574
71,72,3.1016
72,71,3.1016
71,86,2.1476
86,71,2.1476
72,73,3.8952
73,72,3.8952
72,87,3.5108
87,72,3.5108
73,74,4.6835
74,73,4.6835
73,88,4.6750
88,73,4.6750
74,89,1.9394
89,74,1.9394
75,76,2.1130
76,75,2.1130
75,90,4.0106
90,75,4.0106
76,77,1.0655
77,76,1.0655
76,91,2.1242
91,76,2.1242
77,78,1.7083
78,77,1.7083
77,92,3.2701
92,77,3.2701
78,79,1.0964
79,78,1.0964
78,93,4.3822
93,78,4.3822
79,80,1.0396
80,79,1.0396
79,94,1.6485
94,79,1.6485
80,81,3.8396
81,80,3.8396
80,95,1.6770
95,80,1.6770
81,82,1.5204
82,81,1.5204
81,96,1.1259
96,81,1.1259
82,83,2.2502
83,82,2.2502
82,97,2.1659
97,82,2.1659
83,84,4.5196
84,83,4.5196
83,98,2.7897
98,83,2.7897
84,85,3.8209
85,84,3.8209
84,99,2.3205
99,84,2.3205
85,86,3.2874
86,85,3.2874
85,100,2.0573
100,85,2.0573
86,87,1.8540
87,86,1.8540
86,101,1.1787
101,86,1.1787
87,88,3.3358
88,87,3.3358
87,102,1.2221
102,87,1.2221
88,89,3.6273
89,88,3.6273
88,103,4.4918
103,88,4.4918
89,104,3.3082
104,89,3.3082
90,91,1.3341
91,90,1.3341
90,105,2.0233
105,90,2.0233
91,92,3.9582
92,91,3.9582
91,106,4.0714
106,91,4.0714
92,93,4.6132
93,92,4.6132
92,107,2.0738
107,92,2.0738
93,94,3.2641
94,93,3.2641
93,108,4.6482
108,93,4.6482
94,95,3.6449
95,94,3.6449
94,109,2.6168
109,94,2.6168
95,96,1.9134
96,95,1.9134
95,110,3.9552
110,95,3.9552
96,97,3.3744
97,96,3.3744
96,111,3.3574
111,96,3.3574
97,98,3.5946
98,97,3.5946
97,112,1.9084
112,97,1.9084
98,99,1.7327
99,98,1.7327
98,113,1.5634
113,98,1.5634
99,100,3.8824
100,99,3.8824
99,114,4.1532
114,99,4.1532
100,101,3.9183
101,100,3.9183
100,115,4.1416
115,100,4.1416
101,102,4.2920
102,101,4.2920
101,116,1.4316
116,101,1.4316
102,103,3.4478
103,102,3.4478
102,117,1.9207
117,102,1.9207
103,104,3.8985
104,103,3.8985
103,118,3.7515
118,103,3.7515
104,119,2.3245
119,104,2.3245
105,106,4.0731
106,105,4.0731
105,120,3.8401
120,105,3.8401
106,107,1.1817
107,106,1.1817
106,121,1.5521
121,106,1.5521
107,108,3.7979
108,107,3.7979
107,122,4.1157
122,107,4.1157
108,109,1.1073
109,108,1.1073
108,123,2.9325
123,108,2.9325
109,110,2.4539
110,109,2.4539
109,124,1.5272
124,109,1.5272
110,111,3.9158
111,110,3.9158
110,125,1.1827
125,110,1.1827
111,112,4.4674
112,111,4.4674
111,126,1.4366
126,111,1.4366
112,113,1.0069
113,112,1.0069
112,127,3.5195
127,112,3.5195
113,114,1.7727
114,113,1.7727
113,128,3.3289
128,113,3.3289
114,115,1.7147
115,114,1.7147
114,129,4.7893
129,114,4.7893
115,116,4.3176
116,115,4.3176
115,130,4.0352
130,115,4.0352
116,117,4.6988
117,116,4.6988
116,131,4.5021
131,116,4.5021
117,118,4.2632
118,117,4.2632
117,132,1.6256
132,117,1.6256
118,119,1.9989
119,118,1.9989
118,133,2.0044
133,118,2.0044
119,134,1.2559
134,119,1.2559
120,121,1.5963
121,120,1.5963
120,135,4.5657
135,120,4.5657
121,122,3.9164
122,121,3.9164
121,136,1.8119
136,121,1.8119
122,123,1.1929
123,122,1.1929
122,137,1.7940
137,122,1.7940
123,124,1.1984
124,123,1.1984
123,138,3.2589
138,123,3.2589
124,125,3.2231
125,124,3.2231
124,139,4.4723
139,124,4.4723
125,126,3.1009
126,125,3.1009
125,140,3.5063
140,125,3.5063
126,127,1.6666
127,126,1.6666
126,141,4.4277
141,126,4.4277
127,128,3.6744
128,127,3.6744
127,142,4.9641
142,127,4.9641
128,129,4.3612
129,128,4.3612
128,143,3.4248
143,128,3.4248
129,130,3.9718
130,129,3.9718
129,144,3.7691
144,129,3.7691
130,131,3.2212
131,130,3.2212
130,145,1.9602
145,130,1.9602
131,132,1.6718
132,131,1.6718
131,146,3.9065
146,131,3.9065
132,133,3.7090
133,132,3.7090
132,147,1.7314
147,132,1.7314
133,134,3.9436
134,133,3.9436
133,148,2.7312
148,133,2.7312
134,149,1.4226
149,134,1.4226
135,136,3.9769
136,135,3.9769
135,150,1.0266
150,135,1.0266
136,137,2.9508
137,136,2.9508
136,151,4.1207
151,136,4.1207
137,138,2.1609
138,137,2.1609
137,152,1.6458
152,137,1.6458
138,139,1.6020
139,138,1.6020
138,153,2.4139
153,138,2.4139
139,140,1.0951
140,139,1.0951
139,154,4.5146
154,139,4.5146
140,141,4.9155
141,140,4.9155
140,155,4.9336
155,140,4.9336
141,142,2.2378
142,141,2.2378
141,156,3.7061
156,141,3.7061
142,143,2.4164
143,142,2.4164
142,157,3.8908
157,142,3.8908
143,144,3.7561
144,143,3.7561
143,158,3.5393
158,143,3.5393
144,145,2.7062
145,144,2.7062
144,159,3.3444
159,144,3.3444
145,146,1.2701
146,145,1.2701
145,160,4.7255
160,145,4.7255
146,147,3.9061
147,146,3.9061
146,161,3.4589
161,146,3.4589
147,148,2.1516
148,147,2.1516
147,162,2.2272
162,147,2.2272
148,149,4.3972
149,148,4.3972
148,163,4.0079
163,148,4.0079
149,164,4.2689
164,149,4.2689
150,151,4.3217
151,150,4.3217
150,165,2.6869
165,150,2.6869
151,152,1.5573
152,151,1.5573
151,166,2.6148
166,151,2.6148
152,153,1.2031
153,152,1.2031
152,167,1.6016
167,152,1.6016
153,154,1.8106
154,153,1.8106
153,168,4.0184
168,153,4.0184
154,155,4.3469
155,154,4.3469
154,169,1.4115
169,154,1.4115
155,156,4.7842
156,155,4.7842
155,170,3.8317
170,155,3.8317
156,157,1.0234
157,156,1.0234
156,171,4.7144
171,156,4.7144
157,158,1.6270
158,157,1.6270
157,172,2.0186
172,157,2.0186
158,159,4.5848
159,158,4.5848
158,173,1.5222
173,158,1.5222
159,160,4.1974
160,159,4.1974
159,174,2.8783
174,159,2.8783
160,161,1.6852
161,160,1.6852
160,175,1.6761
175,160,1.6761
161,162,3.7368
162,161,3.7368
161,176,2.5952
176,161,2.5952
162,163,4.5754
163,162,4.5754
162,177,1.3040
177,162,1.3040
163,164,4.0889
164,163,4.0889
163,178,3.1132
178,163,3.1132
164,179,3.6957
179,164,3.6957
165,166,3.0261
166,165,3.0261
165,180,2.8670
180,165,2.8670
166,167,1.1433
167,166,1.1433
166,181,3.0093
181,166,3.0093
167,168,1.3254
168,167,1.3254
167,182,3.7470
182,167,3.7470
168,169,1.0666
169,168,1.0666
168,183,4.7311
183,168,4.7311
169,170,2.4359
170,169,2.4359
169,184,1.9186
184,169,1.9186
170,171,4.6320
171,170,4.6320
170,185,3.8825
185,170,3.8825
171,172,3.5655
172,171,3.5655
171,186,1.8327
186,171,1.8327
172,173,4.8412
173,172,4.8412
172,187,1.3403
187,172,1.3403
173,174,1.1000
174,173,1.1000
173,188,3.9009
188,173,3.9009
174,175,1.0647
175,174,1.0647
174,189,2.2279
189,174,2.2279
175,176,1.5083
176,175,1.5083
175,190,2.0747
190,175,2.0747
176,177,2.7128
177,176,2.7128
176,191,2.9800
191,176,2.9800
177,178,2.7425
178,177,2.7425
177,192,3.3926
192,177,3.3926
178,179,1.4178
179,178,1.4178
178,193,4.6145
193,178,4.6145
179,194,3.2716
194,179,3.2716
180,181,2.2518
181,180,2.2518
180,195,4.6264
195,180,4.6264
181,182,4.2692
182,181,4.2692
181,196,3.0173
196,181,3.0173
182,183,1.6573
183,182,1.6573
182,197,2.8559
197,182,2.8559
183,184,2.8902
184,183,2.8902
183,198,3.8061
198,183,3.8061
184,185,4.9132
185,184,4.9132
184,199,1.9591
199,184,1.9591
185,186,1.5694
186,185,1.5694
185,200,2.8488
200,185,2.8488
186,187,4.9952
187,186,4.9952
186,201,1.9792
201,186,1.9792
187,188,4.5136
188,187,4.5136
187,202,1.1187
202,187,1.1187
188,189,2.1422
189,188,2.1422
188,203,3.7859
203,188,3.7859
189,190,2.6387
190,189,2.6387
189,204,3.1699
204,189,3.1699
190,191,2.2629
191,190,2.2629
190,205,1.9823
205,190,1.9823
191,192,3.4772
192,191,3.4772
191,206,3.5921
206,191,3.5921
192,193,3.3029
193,192,3.3029
192,207,4.6452
207,192,4.6452
193,194,4.3872
194,193,4.3872
193,208,4.7772
208,193,4.7772
194,209,1.1737
209,194,1.1737
195,196,1.0049
196,195,1.0049
195,210,1.9490
210,195,1.9490
196,197,4.6444
197,196,4.6444
196,211,3.8678
211,196,3.8678
197,198,4.7146
198,197,4.7146
197,212,4.9104
212,197,4.9104
198,199,4.2843
199,198,4.2843
198,213,3.8355
213,198,3.8355
199,200,1.6218
200,199,1.6218
199,214,3.6894
214,199,3.6894
200,201,1.8206
201,200,1.8206
200,215,3.5741
215,200,3.5741
201,202,4.3342
202,201,4.3342
201,216,4.3765
216,201,4.3765
202,203,3.9490
203,202,3.9490
202,217,1.6546
217,202,1.6546
203,204,3.6153
204,203,3.6153
203,218,2.6592
218,203,2.6592
204,205,4.1973
205,204,4.1973
204,219,1.5170
219,204,1.5170
205,206,3.0514
206,205,3.0514
205,220,3.0332
220,205,3.0332
206,207,4.2052
207,206,4.2052
206,221,3.8765
221,206,3.8765
207,208,2.2570
208,207,2.2570
207,222,3.8224
222,207,3.8224
208,209,3.0181
209,208,3.0181
208,223,2.0016
223,208,2.0016
209,224,2.1459
224,209,2.1459
210,211,1.2207
211,210,1.2207
211,212,4.1672
212,211,4.1672
212,213,3.4813
213,212,3.4813
213,214,4.9705
214,213,4.9705
214,215,2.0441
215,214,2.0441
215,216,4.6802
216,215,4.6802
216,217,2.8104
217,216,2.8104
217,218,4.5333
218,217,4.5333
218,219,1.8668
219,218,1.8668
219,220,2.9073
220,219,2.9073
220,221,4.0081
221,220,4.0081
221,222,3.6373
222,221,3.6373
222,223,1.7152
223,222,1.7152
223,224,3.4875
224,223,3.4875
